Testing IC for possible key lengths:
m=1: 0.042, 
m=2: 0.042, 0.040, 
m=3: 0.040, 0.041, 0.042, 
m=4: 0.043, 0.043, 0.043, 0.038, 
m=5: 0.039, 0.043, 0.041, 0.038, 0.047, 
m=6: 0.037, 0.040, 0.043, 0.038, 0.042, 0.040, 
m=7: 0.070, 0.081, 0.072, 0.068, 0.065, 0.075, 0.081, 
m=8: 0.051, 0.036, 0.038, 0.033, 0.037, 0.046, 0.043, 0.040, 
m=9: 0.033, 0.036, 0.035, 0.048, 0.046, 0.038, 0.044, 0.035, 0.039, 
m=10: 0.048, 0.040, 0.036, 0.043, 0.050, 0.038, 0.042, 0.043, 0.039, 0.042, 

Testing possible key values (m=7):
i  A,J,S    B,K,T    C,L,U    D,M,V    E,N,W    F,O,X    G,P,Y    H,Q,Z    I,R
0  0.053    0.031    0.034    0.042    0.063    0.035    0.035    0.026    0.040    
   0.031    0.040    0.039    0.038    0.044    0.038    0.037    0.041    0.047    
   0.033    0.040    0.033    0.030    0.036    0.037    0.038    0.040    

1  0.035    0.039    0.043    0.047    0.044    0.042    0.036    0.039    0.035    
   0.028    0.038    0.035    0.033    0.035    0.054    0.033    0.030    0.046    
   0.070    0.037    0.025    0.026    0.041    0.034    0.035    0.042    

2  0.049    0.039    0.045    0.039    0.040    0.032    0.033    0.034    0.034    
   0.035    0.033    0.048    0.036    0.037    0.043    0.068    0.038    0.028    
   0.024    0.047    0.033    0.033    0.034    0.036    0.040    0.043    

3  0.062    0.037    0.030    0.031    0.042    0.031    0.036    0.045    0.036    
   0.040    0.038    0.041    0.043    0.045    0.034    0.042    0.039    0.031    
   0.037    0.031    0.038    0.033    0.051    0.034    0.035    0.040    

4  0.046    0.036    0.038    0.037    0.032    0.037    0.035    0.035    0.032    
   0.051    0.033    0.039    0.043    0.063    0.035    0.031    0.030    0.044    
   0.027    0.035    0.041    0.036    0.036    0.038    0.047    0.045    

5  0.046    0.045    0.038    0.042    0.034    0.030    0.034    0.035    0.034    
   0.038    0.051    0.033    0.036    0.038    0.064    0.038    0.031    0.025    
   0.044    0.028    0.038    0.042    0.042    0.038    0.039    0.039    

6  0.033    0.030    0.031    0.038    0.033    0.040    0.038    0.053    0.038    
   0.038    0.042    0.061    0.029    0.025    0.034    0.036    0.031    0.037    
   0.049    0.033    0.048    0.045    0.040    0.038    0.050    0.031    
